0000000000000000000000000000000000000000111111111111111111111111111111111111111100000000000000000000000000000000000000000
0000000000000000000000000000000000000000111111111111111111111111111111111111111100000000000000000000000000000000000000000
0000000000000000000000000000000000000000111111111111111111111111111111111111111100000000000000000000000000000000000000000
0000000000000000000000000000000000000000111111111111111111111111111111111111111100000000000000000000000000000000000000000
0000000000000000000000000000000000000000111111111111111111111111111111111111111100000000000000000000000000000000000000000
0000000000000000000000000000000000000000111111111111111111111111111111111111111100000000000000000000000000000000000000000
0000000000000000000000000000000000000000111111111111111111111111111111111111111100000000000000000000000000000000000000000
0000000000000000000000000000000000000000111111111111111111111111111111111111111100000000000000000000000000000000000000000
0000000000000000000000000000000000000000111111111111111111111111111111111111111100000000000000000000000000000000000000000
0000000000000000000000000000000000000000111111111111111111111111111111111111111100000000000000000000000000000000000000000
0000000000000000000000000000000000000000111111111111111111111111111111111111111100000000000000000000000000000000000000000
0000000000000000000000000000000000000000111111111111111111111111111111111111111100000000000000000000000000000000000000000
0000000000000000000000000000000000000000111111111111111111111111111111111111111100000000000000000000000000000000000000000
0000000000000000000000000000000000000000111111111111111111111111111111111111111100000000000000000000000000000000000000000
0000000000000000000000000000000000000000111111111111111111111111111111111111111100000000000000000000000000000000000000000
0000000000000000000000000000000000000000111111111111111111111111111111111111111100000000000000000000000000000000000000000
0000000000000000000000000000000000000000111111111111111111111111111111111111111100000000000000000000000000000000000000000
0000000000000000000000000000000000000000111111111111111111111111111111111111111100000000000000000000000000000000000000000
0000000000000000000000000000000000000000111111111111111111111111111111111111111100000000000000000000000000000000000000000
0000000000000000000000000000000000000000111111111111111111111111111111111111111100000000000000000000000000000000000000000
0000000000000000000000000000000000000000111111111111111111111111111111111111111100000000000000000000000000000000000000000
0000000000000000000000000000000000000000111111111111111111111111111111111111111100000000000000000000000000000000000000000
0000000000000000000000000000000000000000111111111111111111111111111111111111111100000000000000000000000000000000000000000
0000000000000000000000000000000000000000111111111111111111111111111111111111111100000000000000000000000000000000000000000
0000000000000000000000000000000000000000111111111111111111111111111111111111111100000000000000000000000000000000000000000
0000000000000000000000000000000000000000111111111111111111111111111111111111111100000000000000000000000000000000000000000
0000000000000000000000000000000000000000111111111111111111111111111111111111111100000000000000000000000000000000000000000
0000000000000000000000000000000000000000111111111111111111111111111111111111111100000000000000000000000000000000000000000
0000000000000000000000000000000000000000111111111111111111111111111111111111111100000000000000000000000000000000000000000
0000000000000000000000000000000000000000111111111111111111111111111111111111111100000000000000000000000000000000000000000
0000000000000000000000000000000000000000111111111111111111111111111111111111111100000000000000000000000000000000000000000
0000000000000000000000000000000000000000111111111111111111111111111111111111111100000000000000000000000000000000000000000
0000000000000000000000000000000000000000111111111111111111111111111111111111111100000000000000000000000000000000000000000
0000000000000000000000000000000000000000111111111111111111111111111111111111111100000000000000000000000000000000000000000
0000000000000000000000000000000000000000111111111111111111111111111111111111111100000000000000000000000000000000000000000
0000000000000000000000000000000000000000111111111111111111111111111111111111111100000000000000000000000000000000000000000
0000000000000000000000000000000000000000111111111111111111111111111111111111111100000000000000000000000000000000000000000
0000000000000000000000000000000000000000111111111111111111111111111111111111111100000000000000000000000000000000000000000
0000000000000000000000000000000000000000111111111111111111111111111111111111111100000000000000000000000000000000000000000
0000000000000000000000000000000000000000111111111111111111111111111111111111111100000000000000000000000000000000000000000
0000000000000000000000000000000000000000111111111111111111111111111111111111111100000000000000000000000000000000000000000
0000000000000000000000000000000000000000111111111111111111111111111111111111111100000000000000000000000000000000000000000
0000000000000000000000000000000000000000111111111111111111111111111111111111111100000000000000000000000000000000000000000
0000000000000000000000000000000000000000111111111111111111111111111111111111111100000000000000000000000000000000000000000
0000000000000000000000000000000000000000111111111111111111111111111111111111111100000000000000000000000000000000000000000
0000000000000000000000000000000000000000111111111111111111111111111111111111111100000000000000000000000000000000000000000
0000000000000000000000000000000000000000111111111111111111111111111111111111111100000000000000000000000000000000000000000
0000000000000000000000000000000000000000111111111111111111111111111111111111111100000000000000000000000000000000000000000
0000000000000000000000000000000000000000111111111111111111111111111111111111111100000000000000000000000000000000000000000
0000000000000000000000000000000000000000111111111111111111111111111111111111111100000000000000000000000000000000000000000
0000000000000000000000000000000000000000111111111111111111111111111111111111111100000000000000000000000000000000000000000
0000000000000000000000000000000000000000111111111111111111111111111111111111111100000000000000000000000000000000000000000
0000000000000000000000000000000000000000111111111111111111111111111111111111111100000000000000000000000000000000000000000
0000000000000000000000000000000000000000111111111111111111111111111111111111111100000000000000000000000000000000000000000
0000000000000000000000000000000000000000111111111111111111111111111111111111111100000000000000000000000000000000000000000
0000000000000000000000000000000000000000111111111111111111111111111111111111111100000000000000000000000000000000000000000
0000000000000000000000000000000000000000111111111111111111111111111111111111111100000000000000000000000000000000000000000
0000000000000000000000000000000000000000111111111111111111111111111111111111111100000000000000000000000000000000000000000
0000000000000000000000000000000000000000111111111111111111111111111111111111111100000000000000000000000000000000000000000
0000000000000000000000000000000000000000111111111111111111111111111111111111111100000000000000000000000000000000000000000
0000000000000000000000000000000000000000111111111111111111111111111111111111111100000000000000000000000000000000000000000
0000000000000000000000000000000000000000111111111111111111111111111111111111111111111111111100000000000000000000000000000
0000000000000000000000000000000000000000111111111111111111111111111111111111111111111111111100000000000000000000000000000
0000000000000000000000000000000000000000111111111111111111111111111111111111111111111111111111111111110000000000000000000
0000000000000000000000000000000000000000111111111111111111111111111111111111111111111111111111111111110000000000000000000
0000000000000000000000000000000000000000111111111111111111111111111111111111111111111111111111111111111111000000000000000
0000000000000000000000000000000000000000111111111111111111111111111111111111111111111111111111111111111111000000000000000
0000000000000000000000111111111111111111111111111111111111111111111111111111111111111111111111111111111111111100000000000
0000000000000000000000111111111111111111111111111111111111111111111111111111111111111111111111111111111111111100000000000
0000000000000000001111111111111111111111111111111111111111111111111111111111111111111111111111111111111111111100000000000
0000000000000000001111111111111111111111111111111111111111111111111111111111111111111111111111111111111111111100000000000
0000000000000011111111111111111111111111111111111111111111111111111111111111111111111111111111111111111111111111111100000
0000000000000011111111111111111111111111111111111111111111111111111111111111111111111111111111111111111111111111111100000
0000000000001111111111111111111111111111111111111111111111111111111111111111111111111111111111111111111111111111111100000
0000000000001111111111111111111111111111111111111111111111111111111111111111111111111111111111111111111111111111111100000
0000000011111111111111111111111111111111111111111111111111111111111111111111111111111111111111111111111111111111111111000
0000000011111111111111111111111111111111111111111111111111111111111111111111111111111111111111111111111111111111111111000
0000001111111111111111111111111111111111111111111111111111111111111111111111111111111111111111111111111111111111111111000
0000001111111111111111111111111111111111111111111111111111111111111111111111111111111111111111111111111111111111111111000
0000111111111111111111111111111111111111111111111111111111111111111111111111111111111111111111111111111111111111111111000
0000111111111111111111111111111111111111111111111111111111111111111111111111111111111111111111111111111111111111111111000
0000111111111111111111111111111111111111111111111111111111111111111111111111111111111111111111111111111111111111111111110
0000111111111111111111111111111111111111111111111111111111111111111111111111111111111111111111111111111111111111111111110
1111111111111111111111111111111111111111111111111111111111111111111111111111111111111111111111111111111111111111111111110
1111111111111111111111111111111111111111111111111111111111111111111111111111111111111111111111111111111111111111111111110
1111111111111111111111111111111111111111111111111111111111111111111111111111111111111111111111111111111111111111111111110
1111111111111111111111111111111111111111111111111111111111111111111111111111111111111111111111111111111111111111111111110
1111111111111111111111111111111111111111111111111111111111111111111111111111111111111111111111111111111111111111111111110
1111111111111111111111111111111111111111111111111111111111111111111111111111111111111111111111111111111111111111111111110
1111111111111111111111111111111111111111111111111111111111111111111111111111111111111111111111111111111111111111111111110
1111111111111111111111111111111111111111111111111111111111111111111111111111111111111111111111111111111111111111111111110
1111111111111111111111111111111111111111111111111111111111111111111111111111111111111111111111111111111111111111111111110
1111111111111111111111111111111111111111111111111111111111111111111111111111111111111111111111111111111111111111111111110
3333333333333333333333333333333333333333333333333333333333333333333333333333333300000000000000111111111111111111111111110
3333333333333333333333333333333333333333333333333333333333333333333333333333333300000000000000111111111111111111111111110
3333333333333333333333333333333333333333333333333333333333333333333333333333333300000000000000111111111111111111111111110
3333333333333333333333333333333333333333333333333333333333333333333333333333333300000000000000111111111111111111111111110
3333333333333333333333333333333333333333333333333333333333333333333333333333333300000000000000111111111111111111111111110
3333333333333333333333333333333333333333333333333333333333333333333333333333333300000000000000111111111111111111111111110
3333333333333333333333333300000000000000222222222222222222222222222222222222222200000000000000111111111111111111111111110
3333333333333333333333333300000000000000222222222222222222222222222222222222222200000000000000111111111111111111111111110
3333333333333333333333333300000000000000222222222222222222222222222222222222222200000000000000111111111111111111111111110
3333333333333333333333333300000000000000222222222222222222222222222222222222222200000000000000111111111111111111111111110
3333333333333333333333333300000000000000222222222222222222222222222222222222222200000000000000111111111111111111111111110
3333333333333333333333333300000000000000222222222222222222222222222222222222222200000000000000111111111111111111111111110
3333333333333333333333333300000000000000222222222222222222222222222222222222222200000000000000111111111111111111111111110
3333333333333333333333333300000000000000222222222222222222222222222222222222222200000000000000111111111111111111111111110
3333333333333333333333333300000000000000222222222222222222222222222222222222222200000000000000111111111111111111111111110
3333333333333333333333333300000000000000222222222222222222222222222222222222222200000000000000111111111111111111111111110
3333333333333333333333333300000000000000222222222222222222222222222222222222222200000000000000111111111111111111111111110
3333333333333333333333333300000000000000222222222222222222222222222222222222222200000000000000111111111111111111111111110
3333333333333333333333333300000000000000222222222222222222222222222222222222222200000000000000111111111111111111111111110
3333333333333333333333333300000000000000222222222222222222222222222222222222222200000000000000111111111111111111111111110
3333333333333333333333333300000000000000222222222222222222222222222222222222222200000000000000000011111111111111111111000
3333333333333333333333333300000000000000222222222222222222222222222222222222222200000000000000000011111111111111111111000
3333333333333333333333333300000000000000222222222222222222222222222222222222222200000000000000000011111111111111111100000
3333333333333333333333333300000000000000222222222222222222222222222222222222222200000000000000000011111111111111111100000
3333333333333333333333333300000000000000222222222222222222222222222222222222222200000000000000000000111111111111110000000
3333333333333333333333333300000000000000222222222222222222222222222222222222222200000000000000000000111111111111110000000
0000333333333333333333330000000000000000222222222222222222222222222222222222222200000000000000000000000000000000000000000
0000333333333333333333330000000000000000222222222222222222222222222222222222222200000000000000000000000000000000000000000
0000333333333333333333330000000000000000222222222222222222222222222222222222222200000000000000000000000000000000000000000
0000333333333333333333330000000000000000222222222222222222222222222222222222222200000000000000000000000000000000000000000
0000000033333333333300000000000000000000222222222222222222222222222222222222222200000000000000000000000000000000000000000
0000000033333333333300000000000000000000222222222222222222222222222222222222222200000000000000000000000000000000000000000
0000000000000000000000000000000000000000222222222222222222222222222222222222222200000000000000000000000000000000000000000
0000000000000000000000000000000000000000222222222222222222222222222222222222222200000000000000000000000000000000000000000
0000000000000000000000000000000000000000222222222222222222222222222222222222222200000000000000000000000000000000000000000
0000000000000000000000000000000000000000222222222222222222222222222222222222222200000000000000000000000000000000000000000
0000000000000000000000000000000000000000222222222222222222222222222222222222222200000000000000000000000000000000000000000
0000000000000000000000000000000000000000222222222222222222222222222222222222222200000000000000000000000000000000000000000
0000000000000000000000000000000000000000222222222222222222222222222222222222222200000000000000000000000000000000000000000
0000000000000000000000000000000000000000222222222222222222222222222222222222222200000000000000000000000000000000000000000
0000000000000000000000000000000000000000222222222222222222222222222222222222222200000000000000000000000000000000000000000
0000000000000000000000000000000000000000222222222222222222222222222222222222222200000000000000000000000000000000000000000
0000000000000000000000000000000000000000222222222222222222222222222222222222222200000000000000000000000000000000000000000
0000000000000000000000000000000000000000222222222222222222222222222222222222222200000000000000000000000000000000000000000
0000000000000000000000000000000000000000222222222222222222222222222222222222222200000000000000000000000000000000000000000
0000000000000000000000000000000000000000222222222222222222222222222222222222222200000000000000000000000000000000000000000
0000000000000000000000000000000000000000222222222222222222222222222222222222222200000000000000000000000000000000000000000
0000000000000000000000000000000000000000222222222222222222222222222222222222222200000000000000000000000000000000000000000
0000000000000000000000000000000000000000222222222222222222222222222222222222222200000000000000000000000000000000000000000
0000000000000000000000000000000000000000222222222222222222222222222222222222222200000000000000000000000000000000000000000
0000000000000000000000000000000000000000222222222222222222222222222222222222222200000000000000000000000000000000000000000
0000000000000000000000000000000000000000222222222222222222222222222222222222222200000000000000000000000000000000000000000
0000000000000000000000000000000000000000222222222222222222222222222222222222222200000000000000000000000000000000000000000
0000000000000000000000000000000000000000222222222222222222222222222222222222222200000000000000000000000000000000000000000
0000000000000000000000000000000000000000222222222222222222222222222222222222222200000000000000000000000000000000000000000
0000000000000000000000000000000000000000222222222222222222222222222222222222222200000000000000000000000000000000000000000
0000000000000000000000000000000000000000222222222222222222222222222222222222222200000000000000000000000000000000000000000
0000000000000000000000000000000000000000222222222222222222222222222222222222222200000000000000000000000000000000000000000
0000000000000000000000000000000000000000222222222222222222222222222222222222222200000000000000000000000000000000000000000
0000000000000000000000000000000000000000222222222222222222222222222222222222222200000000000000000000000000000000000000000
0000000000000000000000000000000000000000222222222222222222222222222222222222222200000000000000000000000000000000000000000
0000000000000000000000000000000000000000222222222222222222222222222222222222222200000000000000000000000000000000000000000
0000000000000000000000000000000000000000222222222222222222222222222222222222222200000000000000000000000000000000000000000
0000000000000000000000000000000000000000222222222222222222222222222222222222222200000000000000000000000000000000000000000
0000000000000000000000000000000000000000222222222222222222222222222222222222222200000000000000000000000000000000000000000
0000000000000000000000000000000000000000222222222222222222222222222222222222222200000000000000000000000000000000000000000
0000000000000000000000000000000000000000222222222222222222222222222222222222222200000000000000000000000000000000000000000
0000000000000000000000000000000000000000222222222222222222222222222222222222222200000000000000000000000000000000000000000
0000000000000000000000000000000000000000222222222222222222222222222222222222222200000000000000000000000000000000000000000
0000000000000000000000000000000000000000222222222222222222222222222222222222222200000000000000000000000000000000000000000
0000000000000000000000000000000000000000222222222222222222222222222222222222222200000000000000000000000000000000000000000
0000000000000000000000000000000000000000222222222222222222222222222222222222222200000000000000000000000000000000000000000
0000000000000000000000000000000000000000222222222222222222222222222222222222222200000000000000000000000000000000000000000
0000000000000000000000000000000000000000222222222222222222222222222222222222222200000000000000000000000000000000000000000
0000000000000000000000000000000000000000222222222222222222222222222222222222222200000000000000000000000000000000000000000
0000000000000000000000000000000000000000222222222222222222222222222222222222222200000000000000000000000000000000000000000
0000000000000000000000000000000000000000222222222222222222222222222222222222222200000000000000000000000000000000000000000
0000000000000000000000000000000000000000222222222222222222222222222222222222222200000000000000000000000000000000000000000
0000000000000000000000000000000000000000002222222222222222222222222222222222222200000000000000000000000000000000000000000
0000000000000000000000000000000000000000002222222222222222222222222222222222222200000000000000000000000000000000000000000
0000000000000000000000000000000000000000002222222222222222222222222222222222220000000000000000000000000000000000000000000
0000000000000000000000000000000000000000002222222222222222222222222222222222220000000000000000000000000000000000000000000
0000000000000000000000000000000000000000000022222222222222222222222222222222220000000000000000000000000000000000000000000
0000000000000000000000000000000000000000000022222222222222222222222222222222220000000000000000000000000000000000000000000
0000000000000000000000000000000000000000000000222222222222222222222222222222000000000000000000000000000000000000000000000
0000000000000000000000000000000000000000000000222222222222222222222222222222000000000000000000000000000000000000000000000
0000000000000000000000000000000000000000000000002222222222222222222222222200000000000000000000000000000000000000000000000
0000000000000000000000000000000000000000000000002222222222222222222222222200000000000000000000000000000000000000000000000
0000000000000000000000000000000000000000000000000022222222222222222222220000000000000000000000000000000000000000000000000
0000000000000000000000000000000000000000000000000022222222222222222222220000000000000000000000000000000000000000000000000
0000000000000000000000000000000000000000000000000000002222222222222200000000000000000000000000000000000000000000000000000
0000000000000000000000000000000000000000000000000000002222222222222200000000000000000000000000000000000000000000000000000
0000000000000000000000000000000000000000000000000000002222222222222200000000000000000000000000000000000000000000000000000
